Nodes:
1,Seatle,801192,47.6061,122.3328
2,Palo Alto,67309,37.4419,122.1430
3,San Diego,1414266,32.7157,117.1611
4,Salt Lake City,226341,40.7608,111.8910
5,Boulder,105995,40.0150,105.2705
6,Houston,2435715,29.7604,95.3698
7,Lincoln,305010,40.8136,96.7026
8,Urbana-Champaign,134056,40.1106,88.2073
9,Ann Arbor,122509,42.2808,83.7430
10,Atlanta,530106,33.7490,84.3880
11,Pittsburgh,310103,40.4406,79.9959
12,Boston,672426,42.3601,71.0589
13,College Park,34644,38.9897,76.9378
14,Princeton,31853,40.3573,74.6672
Links:
1 2 1100
1 3 1600
1 8 2800
2 3 600
2 4 1000
3 6 2000
4 5 600
4 11 2400
5 6 1100
5 7 800
6 10 1200
6 13 2000
7 8 700
8 9 700
9 10 900
9 12 500
9 14 500
11 12 800
11 14 800
12 13 300
13 14 300